0.2898216247558594
0.00023651123046875
0.23025894165039062
0.20224380493164062
0.7698211669921875
0.270751953125
0.197784423828125
0.11802291870117188
0.695343017578125
0.7693405151367188
0.45516204833984375
0.20196914672851562
0.058162689208984375
0.06994247436523438
0.13034820556640625
0.3988761901855469
0.18573760986328125
0.3077888488769531
0.3555183410644531
0.5413932800292969
0.747772216796875
0.0
0.23284149169921875
0.2806205749511719
0.14925384521484375
0.31345367431640625
0.5493087768554688
0.0828857421875
0.19230270385742188
0.18238449096679688
0.5980377197265625
0.5131874084472656
0.34860992431640625
0.543701171875
0.08745956420898438
0.1220703125
0.4353218078613281
0.3849143981933594
0.34452056884765625
0.288421630859375
0.6231040954589844
0.3377571105957031
0.7915306091308594
0.40966796875
0.182952880859375
0.035114288330078125
0.022327423095703125
0.08989715576171875
0.08609390258789062
0.20832061767578125
0.5542755126953125
0.8492088317871094
0.31634521484375
0.3112030029296875
0.3333168029785156
0.16530227661132812
0.28614044189453125
0.4802436828613281
0.2624969482421875
0.7054634094238281
0.0825347900390625
0.4276275634765625
0.2627754211425781
0.03520965576171875
0.331878662109375
0.42230987548828125
0.3765602111816406
0.4027824401855469
0.4066505432128906
0.16187286376953125
0.16922378540039062
0.3309211730957031
0.11510467529296875
0.52008056640625
0.5742874145507812
0.2443389892578125
0.12654876708984375
0.6300849914550781
0.20909881591796875
0.281585693359375
0.3660087585449219
0.41983795166015625
0.12005615234375
0.08450698852539062
0.19900131225585938
0.17991256713867188
0.038570404052734375
0.37529754638671875
0.3951301574707031
0.6123504638671875
0.094757080078125
0.3002471923828125
0.5567131042480469
0.5481414794921875
0.2763938903808594
0.2408294677734375
0.1778717041015625
0.18124008178710938
0.5493698120117188
0.011280059814453125
0.33050537109375
0.392486572265625
0.06768417358398438
0.17472076416015625
0.05036163330078125
0.20360565185546875
0.6198463439941406
0.2918205261230469
0.3693389892578125
0.397308349609375
0.12676239013671875
0.6687965393066406
0.37433624267578125
0.48064422607421875
0.20497512817382812
0.2654991149902344
0.31531524658203125
0.3346061706542969
0.28789520263671875
0.4216270446777344
0.18942642211914062
0.11554336547851562
0.14408493041992188
0.211273193359375
0.37531280517578125
0.22392654418945312
0.6447677612304688
0.0804443359375
0.20412826538085938
0.07363128662109375
0.303253173828125
0.15224456787109375
0.3513031005859375
0.7235374450683594
0.16773605346679688
0.31493377685546875
0.10105133056640625
0.08755874633789062
0.104766845703125
0.07517623901367188
0.2773284912109375
0.45842742919921875
0.24200820922851562
0.17385101318359375
0.5079841613769531
0.478729248046875
0.2633476257324219
0.2511100769042969
0.3832206726074219
0.2540130615234375
0.7732734680175781
0.20618438720703125
0.056682586669921875
0.18523025512695312
0.4641990661621094
0.24959945678710938
0.16320419311523438
0.0915374755859375
0.074737548828125
0.1696319580078125
0.19021224975585938
0.13276290893554688
0.478271484375
0.8141136169433594
0.316925048828125
0.14373779296875
0.10497283935546875
0.47559356689453125
0.4735908508300781
0.4138298034667969
0.062358856201171875
0.8029899597167969
0.5569839477539062
0.18503189086914062
0.2689552307128906
0.32698822021484375
0.573028564453125
0.8844184875488281
0.41400146484375
0.6264266967773438
0.25469970703125
0.40582275390625
0.582611083984375
0.27706146240234375
0.4868354797363281
0.7574119567871094
0.3144874572753906
0.2553291320800781
0.3837013244628906
0.08454132080078125
0.10723114013671875
0.02796173095703125
0.046871185302734375
0.041011810302734375
0.3355140686035156
0.3843650817871094
0.12793350219726562
0.4561271667480469
0.0913238525390625
0.12045669555664062
0.25665283203125
0.5055122375488281
0.12077713012695312
0.47918701171875
0.029949188232421875
0.3021659851074219
0.4997215270996094
0.3887748718261719
0.15240859985351562
0.23126602172851562
0.10159683227539062
0.4439048767089844
0.6967391967773438
0.3406562805175781
0.13335418701171875
0.5541267395019531
0.01537322998046875
0.17040634155273438
0.1739501953125
0.0252838134765625
0.24298858642578125
0.09881591796875
0.6372489929199219
0.18506240844726562
0.032222747802734375
0.3703956604003906
0.15419387817382812
0.0304718017578125
0.4588661193847656
0.4261894226074219
0.042613983154296875
0.18849563598632812
0.017612457275390625
0.058124542236328125
0.16851043701171875
0.19567489624023438
0.08686065673828125
0.11436080932617188
0.4674263000488281
0.06195068359375
0.6124038696289062
0.6064300537109375
0.12133407592773438
0.5492591857910156
